7657,000	27,374
7658,000	26,808
7659,000	26,732
7660,000	27,147
7661,001	27,449
7662,001	27,261
7663,002	26,997
7664,002	26,582
7665,001	26,921
7666,001	27,261
7667,002	26,619
7668,003	27,034
7669,003	27,336
7670,003	27,034
7671,004	27,185
7672,005	27,374
7673,005	27,374
7674,005	27,374
7675,005	27,524
7676,005	27,600
7677,005	27,524
7678,005	27,487
7679,006	27,411
7680,006	27,713
7681,007	27,826
7682,008	27,487
7683,007	27,600
7684,007	27,675
7685,007	27,374
7686,008	27,977
7687,009	26,997
7688,009	27,638
7689,009	27,524
7690,009	27,638
7691,009	27,713
7692,009	27,487
7693,009	27,449
7694,009	27,751
7695,009	27,298
7696,010	27,261
7697,010	27,261
7698,010	27,826
7699,010	27,449
7700,011	27,788
7701,010	27,374
7702,010	27,524
7703,011	27,638
7704,010	27,939
7705,010	27,147
7706,011	27,185
7707,011	27,261
7708,012	27,524
7709,011	27,185
7710,011	27,374
7711,011	27,562
7712,011	27,487
7713,011	27,298
