8321,296	88,123
8322,297	88,233
8323,298	88,307
8324,299	88,233
8325,299	89,041
8326,299	88,160
8327,300	88,050
8328,300	89,005
8329,300	89,078
8330,299	88,894
8331,299	88,747
8332,300	88,050
8333,300	88,123
8334,300	87,425
8335,300	87,609
8336,300	87,609
8337,300	87,168
8338,300	87,792
8339,300	87,903
8340,300	87,499
8341,300	87,646
8342,300	88,086
8343,300	88,674
8344,301	88,123
8345,301	87,535
8346,301	88,637
8347,301	88,086
8348,300	87,903
8349,300	87,646
8350,300	87,719
8351,300	87,352
8352,300	87,792
