8377,132	56,853
8378,131	60,018
8379,133	62,040
8380,133	63,950
8381,134	65,675
8382,133	67,510
8383,133	68,867
8384,133	70,298
8385,134	71,508
8386,135	72,938
8387,135	73,598
8388,136	74,441
8389,136	74,917
8390,136	76,200
8391,136	77,410
8392,137	78,217
8393,137	79,023
8394,137	79,867
8395,137	80,453
8396,138	80,710
8397,138	80,967
8398,138	81,003
8399,138	81,370
8400,137	81,223
8401,138	81,590
8402,138	81,884
8403,138	81,700
8404,138	82,104
8405,138	82,030
8406,138	82,397
8407,138	82,177
8408,139	82,507
8409,139	82,764
8410,139	82,691
8411,139	82,801
8412,139	83,204
8413,141	83,424
8414,141	82,984
8415,141	82,874
8416,141	83,168
8417,140	83,168
8418,140	82,947
8419,140	83,131
8420,140	82,947
8421,140	83,204
8422,140	83,241
8423,140	83,571
8424,140	83,498
8425,140	83,241
8426,140	83,901
8427,141	83,461
8428,142	83,571
8429,142	83,718
8430,142	83,424
8431,144	83,278
8432,144	83,608
8433,145	83,058
8434,144	83,755
8435,144	82,984
8436,144	83,534
8437,145	84,232
8438,145	83,241
8439,145	83,608
8440,145	83,314
8441,145	83,461
8442,145	83,461
8443,145	83,645
8444,145	83,278
8445,145	83,388
8446,145	82,984
8447,145	82,947
