10241,000	31,664
10242,000	31,288
10243,001	31,363
10244,001	30,799
10245,001	34,626
10246,003	37,431
10247,004	40,453
10248,005	43,243
10249,005	45,508
10250,004	47,658
10251,004	49,176
10252,004	50,877
10253,005	53,536
10254,005	54,163
10255,005	56,006
10256,005	56,779
10257,006	57,847
10258,006	58,878
10259,007	60,055
10260,007	61,047
10261,007	61,525
10262,007	62,517
10263,007	64,317
10264,008	64,574
10265,009	64,904
10266,010	65,418
10267,011	66,042
10268,010	66,409
10269,011	67,180
10270,012	67,400
10271,012	67,290
10272,012	68,427
10273,012	68,134
10274,012	68,831
10275,013	69,564
10276,014	69,968
10277,014	70,004
10278,014	70,151
10279,014	70,664
10280,015	70,994
10281,016	71,361
10282,016	71,104
10283,017	71,691
10284,018	71,764
10285,017	72,168
10286,018	71,874
10287,018	71,764
10288,018	72,241
10289,018	72,204
10290,019	72,388
10291,020	72,864
10292,020	73,231
10293,021	72,791
10294,021	73,158
10295,022	73,451
10296,022	73,561
10297,023	73,891
10298,023	73,927
10299,024	73,964
10300,025	73,634
10301,025	74,257
10302,024	73,818
10303,025	74,257
10304,025	74,807
10305,026	74,551
10306,027	74,331
10307,028	74,001
10308,028	74,661
10309,029	74,257
10310,029	74,477
10311,029	74,587
10312,030	74,807
10313,031	74,441
10314,032	73,964
10315,032	74,404
10316,033	74,697
10317,034	74,221
10318,035	74,624
10319,036	74,881
10320,035	74,844
10321,035	74,697
10322,036	74,771
10323,037	75,101
10324,038	75,027
10325,039	74,697
10326,040	75,394
