10387,436	19,199
10388,437	19,730
10389,436	19,730
10390,436	19,502
10391,437	19,350
10392,437	20,186
10393,437	19,464
10394,437	19,426
10395,437	19,502
10396,438	19,654
10397,438	19,616
10398,438	19,123
10399,439	19,730
10400,439	19,692
10401,439	19,275
10402,439	19,426
10403,440	19,578
10404,440	19,313
10405,440	19,464
10406,439	19,237
10407,439	19,958
10408,439	19,237
10409,440	19,350
10410,440	19,730
10411,440	19,426
10412,440	19,806
10413,440	19,616
10414,441	19,464
10415,441	19,920
10416,442	19,161
10417,442	19,047
10418,443	19,313
10419,444	18,819
10420,445	19,844
10421,446	19,313
10422,447	19,426
10423,447	19,616
10424,446	19,388
10425,447	19,426
10426,448	19,426
10427,448	19,464
10428,449	19,540
10429,449	19,730
10430,449	19,350
10431,450	19,350
10432,450	19,237
10433,450	19,806
10434,451	19,882
