10178,854	32,452
10179,855	31,626
10180,854	32,001
10181,855	31,739
10182,855	31,851
10183,855	32,227
10184,855	32,039
10185,855	31,926
10186,855	32,039
10187,856	31,513
10188,856	31,964
10189,856	31,739
10190,856	31,513
10191,856	31,288
10192,856	31,664
10193,857	31,175
10194,858	32,114
10195,859	31,664
10196,859	31,363
10197,858	31,476
10198,859	31,513
10199,859	31,438
10200,859	31,626
10201,859	31,701
10202,859	31,776
10203,859	31,401
10204,859	31,363
10205,859	31,588
10206,859	31,401
10207,859	31,626
10208,859	31,476
10209,859	31,588
10210,859	30,724
10211,860	31,025
10212,860	31,401
10213,860	31,438
10214,861	31,701
10215,860	31,588
10216,860	31,100
10217,860	31,626
