9180,391	65,125
9181,390	65,015
9182,390	65,345
9183,391	66,409
9184,391	66,776
9185,392	66,923
9186,394	67,217
9187,393	67,694
9188,393	68,097
9189,394	68,280
9190,395	68,647
9191,395	69,308
9192,396	69,454
9193,397	69,308
9194,397	69,454
9195,399	70,811
9196,400	70,334
9197,400	70,298
9198,401	71,398
9199,401	71,471
9200,401	70,518
9201,401	70,921
9202,401	71,691
9203,401	71,948
9204,401	71,948
9205,401	71,691
9206,401	72,204
9207,401	72,278
9208,401	73,084
9209,402	73,011
9210,402	72,424
9211,402	72,828
9212,403	73,084
9213,404	73,084
9214,405	73,561
9215,406	73,598
9216,405	74,074
9217,405	74,001
