8559,218	24,088
8560,217	24,353
8561,217	24,050
8562,217	24,618
8563,217	24,731
8564,217	24,731
8565,217	24,202
8566,217	24,504
8567,217	24,164
8568,217	24,428
8569,217	24,504
8570,219	24,088
8571,219	24,050
8572,219	23,823
8573,218	24,050
8574,218	24,428
8575,218	23,861
8576,218	24,050
8577,218	24,126
8578,218	23,937
8579,218	24,391
8580,218	23,559
8581,218	24,050
8582,218	24,088
8583,218	24,012
8584,218	23,899
8585,218	24,126
8586,219	23,559
8587,220	23,861
8588,220	23,899
8589,220	23,748
8590,220	24,164
8591,219	24,164
8592,219	24,126
8593,219	23,975
8594,219	24,618
8595,219	24,428
8596,219	24,050
8597,219	23,596
8598,219	24,315
8599,219	23,786
8600,219	23,445
8601,219	23,975
8602,219	24,202
8603,219	23,975
8604,219	24,618
8605,220	23,596
8606,220	24,050
8607,220	24,277
8608,219	24,126
8609,220	24,542
8610,220	24,012
8611,220	24,050
8612,220	24,012
8613,220	24,050
8614,220	23,823
8615,220	24,466
8616,220	24,088
8617,220	24,277
8618,220	23,331
8619,220	23,823
8620,220	24,277
8621,221	24,126
8622,222	23,710
8623,222	24,353
8624,222	23,823
8625,221	23,823
8626,221	24,239
8627,221	23,823
8628,221	24,012
8629,221	23,899
8630,221	23,937
8631,221	23,521
8632,221	23,634
8633,222	24,580
8634,222	23,937
8635,222	24,012
8636,223	24,693
8637,223	23,786
8638,223	24,088
8639,225	24,202
8640,226	24,202
8641,227	24,882
8642,227	24,277
8643,226	24,012
8644,226	24,353
8645,226	24,277
8646,226	24,466
8647,226	23,823
8648,226	24,277
8649,227	24,012
8650,227	24,012
8651,228	24,164
8652,228	23,975
8653,229	23,899
8654,229	24,504
8655,230	24,202
8656,230	23,975
8657,231	24,277
8658,231	23,748
8659,231	23,975
8660,230	24,164
8661,231	23,823
8662,231	23,710
8663,232	23,937
8664,232	23,748
8665,232	24,315
8666,232	23,672
8667,232	23,596
8668,232	23,975
8669,232	24,466
8670,232	24,126
8671,233	24,391
8672,233	24,239
8673,233	24,466
8674,234	23,899
8675,234	24,542
8676,234	23,786
8677,235	24,202
8678,234	24,580
8679,234	24,239
8680,235	23,975
8681,235	24,391
8682,235	23,975
8683,235	24,126
8684,235	23,786
8685,236	24,391
8686,236	23,937
8687,236	24,239
8688,236	24,277
8689,236	23,937
8690,236	24,655
8691,237	24,050
8692,237	24,202
8693,237	23,975
8694,237	23,823
8695,236	23,861
8696,236	23,861
8697,236	23,786
8698,236	23,748
8699,236	24,164
8700,236	24,012
8701,236	24,239
8702,236	23,710
8703,236	24,012
8704,236	24,164
8705,236	23,937
8706,236	23,937
8707,236	24,012
8708,236	24,202
8709,237	23,899
8710,237	24,428
8711,237	24,504
8712,236	23,710
8713,236	23,748
8714,236	23,823
8715,236	24,126
8716,237	24,202
8717,237	24,202
8718,237	23,786
8719,237	24,277
8720,237	24,088
8721,237	23,521
8722,237	24,050
8723,237	24,655
8724,238	23,975
8725,239	23,748
8726,241	24,088
8727,241	24,202
8728,241	23,823
8729,242	24,126
8730,241	24,202
8731,241	23,823
8732,241	24,202
8733,241	24,202
8734,241	23,672
8735,241	23,786
8736,241	24,050
8737,241	24,012
8738,241	23,975
8739,242	23,483
8740,242	23,861
8741,243	23,596
8742,244	24,088
8743,244	23,899
8744,246	24,126
8745,247	24,391
8746,247	24,126
8747,246	24,012
8748,246	24,012
8749,247	23,634
8750,247	24,315
8751,247	24,504
8752,248	24,315
8753,248	24,353
8754,248	23,937
8755,248	24,277
8756,248	24,012
8757,248	23,861
8758,248	23,899
8759,249	24,202
8760,250	23,899
8761,251	24,164
8762,252	24,466
8763,252	24,126
8764,251	24,239
8765,251	23,937
8766,251	23,899
8767,251	24,391
8768,251	24,466
8769,251	24,050
8770,251	23,861
8771,251	24,050
8772,252	24,050
8773,253	24,050
8774,253	24,164
8775,253	23,899
8776,253	24,202
8777,253	24,391
8778,254	23,899
8779,254	24,050
8780,254	24,428
8781,254	23,861
8782,253	23,634
8783,253	23,937
8784,253	23,823
8785,253	23,861
8786,253	24,012
8787,253	23,559
8788,253	23,596
8789,253	24,428
8790,254	23,559
8791,254	23,823
8792,254	23,937
8793,254	24,164
8794,254	23,975
8795,256	23,521
8796,257	24,164
8797,257	23,748
8798,257	23,710
8799,256	23,786
8800,256	23,975
8801,257	23,823
8802,257	24,164
8803,258	23,786
8804,258	23,975
8805,259	23,937
8806,259	24,202
8807,259	23,899
8808,259	24,202
8809,259	23,786
8810,259	24,239
8811,259	24,958
8812,259	23,975
8813,260	24,164
8814,261	24,239
8815,261	23,634
8816,261	23,975
8817,260	24,315
8818,260	24,050
8819,260	23,861
8820,261	23,861
8821,262	23,899
8822,263	24,239
8823,263	24,277
8824,264	24,012
8825,265	24,239
8826,265	24,088
8827,266	24,277
8828,266	24,239
8829,267	24,164
8830,268	23,483
8831,268	24,126
8832,269	24,202
8833,269	23,975
8834,268	24,277
8835,269	24,050
8836,270	24,126
8837,270	24,428
8838,271	23,596
8839,272	23,672
8840,273	24,391
8841,274	24,391
8842,275	24,391
8843,275	24,353
8844,275	24,618
8845,276	23,786
8846,276	24,126
8847,277	24,391
8848,279	24,391
8849,280	23,483
8850,280	23,975
8851,279	23,823
8852,279	24,202
8853,279	23,823
8854,280	24,504
8855,281	23,861
8856,281	23,861
8857,282	24,050
8858,282	23,899
8859,284	24,202
8860,283	24,315
8861,284	24,088
8862,284	24,239
8863,285	23,975
8864,285	24,428
8865,287	23,975
8866,287	24,277
8867,287	23,899
8868,288	23,710
8869,287	23,710
8870,288	24,050
8871,288	24,202
8872,288	24,504
8873,288	23,823
8874,288	23,937
8875,288	23,559
8876,288	23,861
8877,289	23,294
8878,289	24,012
8879,289	24,088
8880,290	24,277
8881,290	23,823
8882,292	23,937
8883,293	23,899
8884,294	24,164
8885,295	23,786
8886,294	24,466
8887,295	24,353
8888,296	24,164
8889,296	23,937
8890,296	24,542
8891,296	24,202
8892,297	23,786
8893,297	23,823
8894,298	24,050
8895,298	24,315
8896,299	24,164
8897,299	24,126
8898,299	24,353
8899,299	23,521
8900,300	24,126
8901,301	24,050
8902,302	24,050
8903,301	23,899
8904,301	23,710
8905,301	23,634
8906,301	23,672
8907,301	24,202
8908,302	23,672
8909,303	24,466
8910,304	23,710
8911,304	24,277
8912,304	23,975
8913,305	24,050
8914,306	23,786
8915,306	24,239
8916,306	24,012
8917,308	23,823
8918,309	23,445
8919,309	23,975
8920,309	24,353
8921,308	23,786
8922,309	24,202
8923,310	23,861
8924,310	24,277
8925,310	23,559
8926,311	23,899
8927,312	23,861
8928,313	23,483
8929,314	23,975
8930,315	23,975
8931,315	23,823
8932,316	24,277
8933,317	24,164
8934,319	23,899
8935,320	23,710
8936,321	24,050
8937,321	23,596
8938,320	23,899
8939,321	23,596
8940,321	24,050
8941,321	23,672
8942,322	23,975
8943,322	24,012
8944,322	23,975
8945,323	23,861
8946,323	23,521
8947,324	24,050
8948,324	24,277
8949,324	24,012
8950,325	23,823
8951,326	23,786
8952,327	24,202
8953,327	23,975
8954,328	23,445
8955,329	23,710
8956,328	23,899
8957,329	24,277
8958,329	24,504
8959,330	23,748
8960,330	23,294
8961,330	23,899
8962,330	23,256
8963,330	23,786
