8257,425	19,920
8258,426	19,844
8259,426	20,034
8260,425	19,654
8261,425	20,300
8262,425	19,692
8263,426	20,186
8264,426	19,996
8265,426	19,540
8266,426	19,540
8267,426	20,148
8268,426	19,958
8269,426	19,920
8270,427	19,920
8271,428	20,148
8272,428	19,616
8273,428	19,730
8274,429	20,034
8275,429	19,730
8276,429	19,882
8277,429	20,262
8278,428	20,110
8279,428	19,882
8280,428	19,654
8281,429	20,186
8282,429	20,034
8283,429	19,388
8284,430	19,996
8285,430	19,996
8286,430	20,072
8287,430	19,958
8288,431	19,844
8289,431	19,502
8290,432	20,110
8291,432	20,034
8292,433	19,426
8293,433	19,806
8294,433	19,616
8295,432	20,489
8296,433	20,148
8297,433	20,148
8298,433	19,958
8299,433	19,540
8300,433	19,920
8301,433	20,034
8302,434	19,806
8303,435	19,540
