9229,720	74,184
9230,720	74,074
9231,721	73,598
9232,721	73,818
9233,720	73,744
9234,720	73,231
9235,720	72,974
9236,720	73,084
9237,720	72,241
9238,720	72,388
9239,720	72,278
9240,721	72,314
9241,721	70,371
9242,721	66,850
9243,721	63,729
9244,721	59,871
9245,721	58,068
9246,722	56,043
9247,723	54,347
9248,723	52,871
9249,724	51,801
9250,725	50,101
9251,724	49,731
9252,724	48,103
9253,725	46,732
9254,725	46,213
9255,726	45,286
9256,727	43,987
9257,728	43,615
9258,728	43,020
9259,728	42,388
9260,729	42,054
9261,729	41,011
9262,730	40,639
9263,730	39,894
9264,731	39,223
9265,732	38,775
9266,733	38,626
9267,733	38,178
9268,732	37,319
9269,732	37,357
9270,733	36,460
9271,733	36,310
9272,734	36,534
9273,735	35,562
9274,735	35,450
9275,736	35,075
9276,737	34,626
9277,737	34,327
9278,737	33,914
9279,737	34,027
9280,738	33,502
9281,739	33,764
9282,740	33,315
9283,740	33,127
9284,740	32,752
9285,739	33,090
9286,739	32,377
9287,740	32,264
9288,740	31,701
9289,741	32,414
9290,741	31,814
9291,742	31,588
9292,743	31,401
9293,744	31,025
9294,745	30,875
9295,746	30,987
9296,746	30,724
9297,747	31,062
9298,747	30,611
9299,749	30,348
9300,749	30,123
9301,750	29,859
9302,750	29,897
9303,749	30,461
9304,750	30,085
9305,751	29,709
9306,751	30,386
9307,751	29,596
9308,751	29,483
9309,752	29,483
9310,753	29,446
9311,754	29,446
9312,755	30,198
9313,756	28,994
9314,757	28,617
9315,758	28,843
9316,760	28,806
9317,760	28,467
9318,760	28,730
9319,761	28,429
9320,760	28,504
9321,760	28,316
9322,761	28,354
9323,762	28,354
9324,762	28,919
9325,762	28,128
9326,763	28,580
9327,763	28,203
9328,764	28,429
9329,765	28,203
9330,765	27,901
9331,765	28,014
9332,766	28,128
9333,767	28,391
9334,768	27,600
9335,768	28,128
9336,768	27,939
9337,767	27,977
9338,768	27,864
9339,768	27,826
9340,768	27,826
9341,768	27,524
9342,769	27,562
9343,769	27,977
9344,769	27,298
9345,769	27,826
9346,770	27,939
9347,770	27,751
9348,770	27,901
9349,770	27,638
9350,770	27,147
9351,772	27,034
9352,772	28,241
9353,772	27,600
9354,772	27,524
9355,771	27,374
9356,772	27,901
9357,773	27,072
9358,774	28,128
9359,774	27,600
9360,774	27,336
9361,774	27,788
9362,774	26,959
9363,774	27,751
9364,774	27,298
9365,775	27,147
9366,776	26,997
9367,777	27,524
9368,778	27,223
9369,778	27,449
9370,778	27,374
9371,778	27,600
9372,777	26,921
9373,777	27,110
9374,777	27,261
9375,778	27,185
9376,778	27,185
9377,778	27,411
9378,779	27,713
9379,779	27,411
9380,780	27,939
9381,780	26,959
9382,781	27,449
9383,781	26,732
9384,782	27,034
