10455,071	74,294
10456,072	73,524
10457,073	69,784
10458,073	64,354
10459,073	60,900
10460,074	58,142
10461,075	55,969
10462,075	53,720
10463,075	51,875
10464,075	50,766
10465,075	49,472
10466,076	48,177
10467,076	46,361
10468,076	45,434
10469,076	44,729
10470,076	43,429
10471,076	42,054
10472,077	41,160
10473,077	41,011
10474,078	39,931
10475,079	39,446
10476,078	38,514
10477,078	38,029
10478,078	37,207
10479,079	36,871
10480,079	36,048
10481,079	35,712
10482,080	35,150
10483,080	34,514
10484,080	34,102
10485,080	34,139
10486,080	33,652
10487,080	32,715
10488,080	32,940
10489,080	32,114
10490,082	31,513
10491,083	31,551
10492,083	30,950
10493,083	29,897
10494,082	28,768
10495,082	28,354
10496,083	28,354
10497,084	27,864
10498,084	28,542
10499,084	28,090
10500,084	27,487
10501,085	27,939
10502,085	27,185
10503,085	26,732
10504,085	26,468
10505,085	26,129
10506,085	25,827
10507,087	25,487
10508,087	25,562
10509,087	25,336
10510,088	25,713
10511,087	25,449
10512,087	24,920
10513,087	24,844
10514,087	24,277
10515,087	25,147
10516,087	24,277
10517,088	24,882
10518,088	24,618
10519,088	24,580
10520,088	24,126
10521,088	24,050
10522,088	24,769
10523,088	24,466
10524,090	24,428
10525,090	23,596
10526,091	23,975
10527,091	23,975
10528,090	24,050
10529,091	24,164
10530,091	24,391
10531,091	23,521
10532,091	24,353
10533,091	23,710
10534,092	24,050
10535,092	23,975
10536,093	23,786
10537,093	24,391
10538,093	23,861
